     .0
    8.5
   60.1
   89.2
   96.8
   19.0
   51.5
   39.8
   26.3
   74.4
    9.0
   56.0
   58.2
   81.0
   59.2
   51.2
   87.7
   99.5
   72.6
   96.7
   29.7
   42.6
   89.9
   65.3
   90.2
   96.2
   16.5
   85.8
   90.7
   29.4
   93.6
   41.5
   30.8
   51.5
   39.5
   79.0
   68.9
   54.4
   59.2
    9.4
   60.9
   43.2
   60.0
   84.5
   49.2
   77.3
    7.2
   19.2
   22.4
   78.0
    8.4
   18.1
   61.7
   57.9
   73.9
   31.4
   43.9
   41.2
   90.9
   99.2
   57.7
   16.4
   69.9
   33.5
   45.6
    7.6
   12.9
   17.5
   44.2
    3.7
   50.4
   46.7
   57.9
   67.4
    9.3
    6.7
   83.3
   39.0
   19.1
   16.5
   95.9
   99.1
   11.4
   87.1
   62.2
   67.3
   61.4
   58.8
   15.1
   25.5
   79.9
   59.3
   89.7
   27.2
   19.8
   27.0
   39.6
    9.6
   64.8
   63.3
